0 1
1 1
2 5
3 3
4 3
5 0
6 3
7 0
8 3
9 1
10 0
11 0
12 0
13 1
14 0
15 3
16 15
17 31
18 44
19 75
20 99
21 151
22 173
23 192
24 211
25 216
26 201
27 172
28 122
29 111
30 74
31 27
32 20
33 10
34 1
35 1
36 4
37 8
38 19
39 33
40 54
41 50
42 56
43 64
44 55
45 55
46 64
47 57
48 50
49 43
50 36
51 30
52 15
53 15
54 8
55 10
56 3
57 9
58 23
59 19
60 15
61 20
62 17
63 19
64 10
65 9
66 7
67 6
68 4
69 5
70 5
71 2
72 3
73 3
74 8
75 4
76 8
77 5
78 9
79 4
80 6
81 3
82 3
83 6
84 5
85 3
86 4
87 2
88 3
89 1
90 0
91 0
92 1
93 0
94 0
95 0
96 0
97 0
98 0
99 0
100 2
101 0
102 0
103 1
104 0
105 1
106 3
107 1
108 0
109 2
110 0
111 1
112 1
113 0
114 1
115 2
116 2
117 0
118 1
119 0
120 0
121 0
122 0
123 1
124 0
125 1
126 1
127 1
128 1
129 0
130 0
131 0
132 0
133 0
134 0
135 0
136 0
137 0
138 0
139 0
140 0
141 0
142 0
143 0
144 0
145 0
146 0
147 0
148 0
149 0
150 0
151 0
152 0
153 1
154 0
155 1
156 0
157 0
158 0
159 3
160 1
161 1
162 0
163 3
164 1
165 2
166 0
167 0
168 0
169 0
170 0
171 0
172 0
173 0
174 0
175 2
176 0
177 0
178 2
179 0
180 10
