0 1
1 3
2 5
3 2
4 0
5 3
6 0
7 2
8 0
9 2
10 0
11 0
12 0
13 0
14 0
15 2
16 2
17 4
18 3
19 11
20 12
21 23
22 27
23 39
24 37
25 54
26 60
27 47
28 83
29 100
30 85
31 96
32 101
33 112
34 104
35 98
36 78
37 80
38 62
39 53
40 55
41 41
42 33
43 16
44 11
45 4
46 2
47 2
48 0
49 0
50 4
51 13
52 12
53 30
54 20
55 34
56 40
57 46
58 36
59 45
60 33
61 56
62 33
63 63
64 52
65 55
66 51
67 50
68 38
69 40
70 18
71 28
72 15
73 14
74 16
75 11
76 12
77 17
78 17
79 25
80 19
81 29
82 29
83 29
84 29
85 24
86 20
87 15
88 21
89 13
90 7
91 15
92 11
93 1
94 8
95 10
96 7
97 14
98 13
99 11
100 9
101 10
102 14
103 17
104 9
105 10
106 16
107 8
108 3
109 5
110 7
111 0
112 1
113 1
114 0
115 2
116 1
117 2
118 7
119 7
120 9
121 5
122 5
123 7
124 8
125 4
126 3
127 0
128 1
129 0
130 0
131 0
132 0
133 0
134 2
135 0
136 2
137 1
138 2
139 2
140 1
141 1
142 5
143 0
144 2
145 0
146 0
147 0
148 0
149 0
150 0
151 0
152 0
153 0
154 0
155 2
156 1
157 0
158 2
159 0
160 0
161 0
162 1
163 0
164 0
165 0
166 0
167 0
168 0
169 0
170 0
171 0
172 1
173 0
174 0
175 0
176 0
177 0
178 0
179 0
180 0
