0 1
1 2
2 3
3 0
4 1
5 1
6 0
7 3
8 0
9 0
10 0
11 0
12 1
13 0
14 0
15 0
16 1
17 0
18 0
19 0
20 0
21 0
22 0
23 0
24 0
25 0
26 0
27 0
28 2
29 4
30 2
31 9
32 9
33 13
34 7
35 19
36 13
37 28
38 19
39 35
40 29
41 28
42 27
43 34
44 34
45 34
46 34
47 28
48 17
49 11
50 10
51 16
52 9
53 2
54 3
55 2
56 0
57 1
58 4
59 3
60 6
61 9
62 13
63 12
64 18
65 18
66 23
67 22
68 15
69 27
70 21
71 18
72 29
73 17
74 16
75 26
76 18
77 6
78 9
79 12
80 4
81 6
82 8
83 9
84 12
85 15
86 14
87 8
88 9
89 8
90 8
91 4
92 0
93 2
94 1
95 5
96 6
97 0
98 5
99 3
100 39
