0 1
1 1
2 1
3 1
4 0
5 1
6 1
7 5
8 3
9 0
10 2
11 0
12 0
13 1
14 0
15 1
16 1
17 0
18 0
19 0
20 0
21 0
22 0
23 1
24 0
25 0
26 0
27 0
28 0
29 0
30 0
31 0
32 1
33 1
34 2
35 5
36 1
37 1
38 3
39 4
40 3
41 7
42 11
43 12
44 11
45 16
46 17
47 31
48 18
49 16
50 29
51 27
52 33
53 17
54 25
55 25
56 22
57 19
58 16
59 15
60 14
61 16
62 12
63 11
64 5
65 7
66 2
67 2
68 0
69 4
70 0
71 2
72 1
73 2
74 2
75 6
76 6
77 6
78 8
79 9
80 15
81 15
82 14
83 18
84 23
85 26
86 21
87 11
88 17
89 14
90 18
91 17
92 10
93 8
94 7
95 9
96 6
97 9
98 4
99 1
100 8
101 7
102 6
103 9
104 11
105 10
106 10
107 8
108 12
109 8
110 11
111 5
112 6
113 0
114 6
115 4
116 4
117 6
118 2
119 6
120 5
121 3
122 5
123 4
124 4
125 3
126 5
127 9
128 5
129 3
130 0
131 1
132 0
133 1
134 0
135 1
136 2
137 0
138 3
139 4
140 2
141 4
142 2
143 2
144 1
145 2
146 0
147 0
148 0
149 0
150 4
