0 0
1 0
2 0
3 0
4 0
5 147
6 0
7 285
8 0
9 257
10 0
11 34
12 0
13 3
14 0
15 2
16 0
17 1
18 0
19 32
20 0
21 48
22 0
23 27
24 0
25 34
26 0
27 18
28 0
29 1
30 0
31 1
32 0
33 16
34 0
35 11
36 0
37 15
38 0
39 3
40 0
41 4
42 0
43 3
44 0
45 1
46 0
47 2
48 0
49 4
50 0
51 3
52 0
53 0
54 0
55 4
56 0
57 0
58 0
59 3
60 0
61 0
62 0
63 0
64 0
65 0
66 0
67 2
68 0
69 2
70 0
71 0
72 0
73 0
74 0
75 1
76 0
77 2
78 0
79 0
80 0
81 0
82 0
83 0
84 0
85 2
86 0
87 0
88 0
89 1
90 0
91 0
92 0
93 0
94 0
95 0
96 0
97 0
98 0
99 1
100 0
101 0
102 0
103 1
104 0
105 0
106 0
107 0
108 0
109 0
110 0
111 1
112 0
113 0
114 0
115 0
116 0
117 0
118 0
119 1
120 0
121 0
122 0
123 0
124 0
125 0
126 0
127 0
128 0
129 0
130 0
131 0
132 0
133 0
134 0
135 0
136 0
137 0
138 0
139 1
140 0
141 0
142 0
143 0
144 0
145 0
146 0
147 0
148 0
149 0
150 0
151 0
152 0
153 0
154 0
155 0
156 0
157 1
158 0
159 0
160 0
161 0
162 0
163 0
164 0
165 0
166 0
167 0
168 0
169 0
170 0
171 0
172 0
173 0
174 0
175 0
176 0
177 0
178 0
179 0
180 2025
