0 3
1 3
2 4
3 7
4 2
5 2
6 1
7 1
8 2
9 2
10 1
11 1
12 3
13 1
14 1
15 2
16 0
17 0
18 3
19 1
20 1
21 0
22 0
23 0
24 2
25 1
26 1
27 0
28 1
29 0
30 1
31 0
32 0
33 0
34 0
35 0
36 0
37 0
38 0
39 0
40 1
41 0
42 1
43 0
44 0
45 1
46 0
47 0
48 0
49 0
50 0
51 0
52 0
53 0
54 0
55 0
56 0
57 0
58 0
59 1
60 0
61 0
62 0
63 0
64 0
65 0
66 1
67 0
68 0
69 1
70 2
71 1
72 3
73 2
74 2
75 3
76 3
77 5
78 5
79 10
80 7
81 9
82 11
83 19
84 22
85 26
86 20
87 26
88 20
89 27
90 40
91 30
92 43
93 42
94 44
95 44
96 59
97 56
98 54
99 49
100 63
101 51
102 50
103 52
104 37
105 44
106 39
107 30
108 26
109 26
110 15
111 14
112 12
113 10
114 4
115 1
116 5
117 0
118 1
119 4
120 7
121 10
122 15
123 28
124 16
125 25
126 34
127 33
128 45
129 48
130 52
131 50
132 53
133 47
134 48
135 74
136 57
137 71
138 52
139 50
140 51
141 53
142 28
143 27
144 14
145 12
146 14
147 25
148 23
149 24
150 18
151 30
152 40
153 42
154 51
155 37
156 38
157 39
158 26
159 21
160 19
161 14
162 12
163 10
164 11
165 9
166 16
167 16
168 18
169 23
170 26
171 27
172 28
173 24
174 15
175 8
176 10
177 0
178 1
179 2
180 62
