0 1
1 2
2 0
3 0
4 0
5 0
6 2
7 0
8 1
9 1
10 0
11 2
12 1
13 1
14 0
15 0
16 0
17 0
18 0
19 0
20 0
21 0
22 0
23 0
24 0
25 0
26 0
27 0
28 0
29 0
30 0
31 0
32 0
33 0
34 0
35 1
36 1
37 2
38 0
39 3
40 0
41 3
42 3
43 6
44 7
45 11
46 4
47 15
48 10
49 14
50 11
51 21
52 14
53 26
54 21
55 24
56 19
57 17
58 17
59 16
60 18
61 15
62 27
63 23
64 16
65 15
66 8
67 7
68 7
69 6
70 4
71 6
72 3
73 2
74 3
75 0
76 1
77 0
78 0
79 2
80 3
81 2
82 4
83 3
84 9
85 9
86 10
87 6
88 15
89 15
90 25
91 17
92 13
93 22
94 21
95 14
96 14
97 19
98 14
99 10
100 10
101 15
102 12
103 3
104 3
105 8
106 6
107 6
108 4
109 5
110 6
111 6
112 8
113 15
114 8
115 11
116 11
117 5
118 15
119 7
120 6
121 5
122 7
123 6
124 4
125 4
126 3
127 4
128 5
129 4
130 3
131 9
132 4
133 5
134 2
135 6
136 8
137 8
138 5
139 3
140 7
141 3
142 4
143 4
144 1
145 0
146 0
147 0
148 1
149 0
150 2
151 0
152 2
153 2
154 1
155 4
156 4
157 4
158 2
159 1
160 0
161 0
162 1
163 0
164 0
165 0
166 0
167 0
168 0
169 1
170 2
171 0
172 1
173 0
174 0
175 0
176 0
177 0
178 0
179 0
180 3
