0 1
1 0
2 0
3 1
4 1
5 0
6 2
7 0
8 1
9 0
10 2
11 1
12 0
13 0
14 1
15 1
16 0
17 1
18 0
19 0
20 0
21 0
22 0
23 0
24 0
25 0
26 0
27 0
28 0
29 0
30 0
31 1
32 1
33 1
34 0
35 3
36 2
37 3
38 1
39 3
40 5
41 9
42 8
43 14
44 22
45 19
46 20
47 25
48 36
49 51
50 51
51 48
52 69
53 58
54 56
55 72
56 91
57 79
58 69
59 85
60 80
61 72
62 71
63 54
64 41
65 53
66 30
67 35
68 18
69 10
70 11
71 7
72 9
73 1
74 7
75 2
76 2
77 3
78 1
79 8
80 8
81 7
82 18
83 11
84 33
85 30
86 50
87 33
88 47
89 41
90 49
91 54
92 52
93 43
94 54
95 52
96 50
97 48
98 41
99 48
100 35
101 24
102 33
103 26
104 16
105 12
106 13
107 17
108 11
109 25
110 23
111 24
112 25
113 18
114 40
115 26
116 20
117 31
118 18
119 17
120 14
121 17
122 9
123 6
124 12
125 15
126 13
127 13
128 14
129 12
130 13
131 9
132 17
133 12
134 17
135 22
136 11
137 7
138 9
139 12
140 8
141 6
142 3
143 3
144 1
145 1
146 1
147 1
148 3
149 2
150 65
